Time:  1.000000 ps  	 Step: 2000.000000

 +0.000000000000	
 +67.907323655786	-53.684439743980	-93.673019104786	
 -121.308486140150	-530.641563893775	-1862.048208219999	
 -530.641563893775	-23.586647902805	+558.772258579929	
 -1862.048208219999	+558.772258579929	+144.895133807876	
 Time:  2.000000 ps  	 Step: 4000.000000

 +0.000000000000	
 +67.876077050983	-60.779958621624	-88.564259078905	
 +426.830737581458	-371.242056610301	-1580.506614390103	
 -371.242056610301	 +8.239553597199	+416.336505618313	
 -1580.506614390103	+416.336505618313	-435.070291082584	
 Time:  3.000000 ps  	 Step: 6000.000000

 +0.000000000000	
 +97.256450720740	-107.211630748546	-84.995699064044	
 -25.699142307716	-476.539248904587	-1406.056951324892	
 -476.539248904587	-168.621729135560	+149.591749912320	
 -1406.056951324892	+149.591749912320	+194.320871571621	
 Time:  4.000000 ps  	 Step: 8000.000000

 +0.000000000000	
 +75.129890534316	-67.999726884526	-27.669059972720	
 +54.369021890449	-397.067156893794	-821.184219562433	
 -397.067156893794	-165.387963722197	+682.411363522474	
 -821.184219562434	+682.411363522473	+111.018941908805	
 Time:  5.000000 ps  	 Step: 10000.000000

 +0.000000000000	
 +27.165034420466	-27.958241560050	 -7.917443819593	
 +84.265181737231	+219.213868875829	-942.540697116185	
 +219.213868875829	-188.075007891758	+519.723207563062	
 -942.540697116185	+519.723207563062	+103.809826046687	
 Time:  6.000000 ps  	 Step: 12000.000000

 +0.000000000000	
 +23.164635357998	-49.191002764131	 -8.879904008628	
 +543.265973537747	+276.614609862379	-533.155016835821	
 +276.614609862378	-346.673803761869	+433.414664380633	
 -533.155016835822	+433.414664380633	-196.592169325532	
 Time:  7.000000 ps  	 Step: 14000.000000

 +0.000000000000	
 -12.652680251562	-67.300219625838	-35.498641472756	
 +64.746693876026	 -5.395004998134	-789.117075109014	
  -5.395004998133	-157.614352866335	+488.690630469603	
 -789.117075109013	+488.690630469602	+92.867658795825	
 Time:  8.000000 ps  	 Step: 16000.000000

 +0.000000000000	
 -15.842128932428	-29.536461244892	-27.427223630989	
 +163.535661088564	-207.582101809434	+17.688845088597	
 -207.582101809434	-417.538479741884	+492.963120616688	
 +17.688845088597	+492.963120616689	+254.002819323598	
 Time:  9.000000 ps  	 Step: 18000.000000

 +0.000000000000	
 +27.315084707643	 -4.437551497672	-26.858967386622	
 +39.590279099127	-417.148259355309	-230.364346366366	
 -417.148259355308	-347.565050684178	+797.807279659066	
 -230.364346366366	+797.807279659066	+307.974771804059	
 Time:  10.000000 ps  	 Step: 20000.000000

 +0.000000000000	
 +10.438259592747	-30.941109552248	+59.030180462427	
 +77.980411964365	+338.509007676768	-372.632114567086	
 +338.509007676768	-564.258969258313	+902.521152835436	
 -372.632114567087	+902.521152835436	+486.278556902244	
 Time:  11.000000 ps  	 Step: 22000.000000

 +0.000000000000	
  +9.127422504350	-63.254250920155	+39.708731510938	
 +38.495917283042	+912.360483887500	-229.735037361045	
 +912.360483887501	+249.109162780884	-87.840026592018	
 -229.735037361046	-87.840026592018	-287.605080414866	
 Time:  12.000000 ps  	 Step: 24000.000000

 +0.000000000000	
 -11.259330699801	-79.582261939923	+14.532050750232	
 -22.221828848911	+340.843944968005	-1175.177396510229	
 +340.843944968004	+589.553616739423	+753.966049511497	
 -1175.177396510228	+753.966049511496	-567.331787839660	
 Time:  13.000000 ps  	 Step: 26000.000000

 +0.000000000000	
 -45.518768526095	-132.229346856482	+28.077155004235	
 -338.182977643618	+242.657639326903	-644.764333424911	
 +242.657639326902	+72.753963462040	+1066.377637758229	
 -644.764333424911	+1066.377637758228	+265.429013966272	
 Time:  14.000000 ps  	 Step: 28000.000000

 +0.000000000000	
 -22.465505216585	-131.612781501334	+68.530908507645	
 -200.734838355451	+280.672340274568	-1075.024134000580	
 +280.672340274569	+399.526331015965	-315.155976782694	
 -1075.024134000581	-315.155976782694	-198.791492591226	
 Time:  15.000000 ps  	 Step: 30000.000000

 +0.000000000000	
  +6.668929155193	-105.802023506250	+74.090730265027	
 -60.830154517430	-151.742111738687	-1780.232454402400	
 -151.742111738687	-38.350203583723	+358.751157444613	
 -1780.232454402400	+358.751157444613	+99.180358105189	
 Time:  16.000000 ps  	 Step: 32000.000000

 +0.000000000000	
  -2.659777948591	-91.061251509361	+25.539151988494	
 -92.539761674060	-443.940055651626	-1415.145188820711	
 -443.940055651626	-407.732203565178	+378.933013460366	
 -1415.145188820711	+378.933013460366	+500.271965792228	
 Time:  17.000000 ps  	 Step: 34000.000000

 +0.000000000000	
 +51.509862497961	-35.943261101613	-11.494301727598	
 -156.014086843598	+332.496147262812	-1175.148044430844	
 +332.496147262812	+228.204449322127	-14.778788977029	
 -1175.148044430844	-14.778788977029	-72.190362425893	
 Time:  18.000000 ps  	 Step: 36000.000000

 +0.000000000000	
  +7.623032202814	-60.516151776952	-21.950433303073	
 +174.297631686428	+24.144069789916	-1396.313757046427	
 +24.144069789916	-111.136300281712	+144.317853310779	
 -1396.313757046425	+144.317853310779	-63.161332101491	
 Time:  19.000000 ps  	 Step: 38000.000000

 +0.000000000000	
 +30.019394937395	-43.618158082026	-29.135148036987	
 +299.598707344782	-481.543093526238	-1298.847554673936	
 -481.543093526238	-269.292414260674	+890.897831448556	
 -1298.847554673936	+890.897831448556	-30.306293628190	
 Time:  20.000000 ps  	 Step: 40000.000000

 +0.000000000000	
 -21.839793979588	-96.912360382178	 +0.885231612294	
 +312.867564164984	-721.132346585096	-2079.371863606729	
 -721.132346585096	+74.548760308110	+710.523528183406	
 -2079.371863606729	+710.523528183406	-387.416323819455	
 Time:  21.000000 ps  	 Step: 42000.000000

 +0.000000000000	
 +54.386830817515	-115.499639695115	+13.061821908554	
 -98.128389632638	-217.229586016381	-1796.839174887383	
 -217.229586016380	+68.877629864198	+1445.086755472807	
 -1796.839174887383	+1445.086755472807	+29.250759523585	
 Time:  22.000000 ps  	 Step: 44000.000000

 +0.000000000000	
 +73.381830581135	-110.592509679825	-28.867242494446	
 +148.198723679124	+319.403827719662	-1941.048467230024	
 +319.403827719663	-30.304175892912	+703.170550115747	
 -1941.048467230024	+703.170550115747	-117.894546996280	
 Time:  23.000000 ps  	 Step: 46000.000000

 +0.000000000000	
 +53.205801052811	-106.746314713730	-61.367070096660	
 -254.297916348465	-572.006609436896	-1499.328915898725	
 -572.006609436896	+375.210749793697	+273.129286463299	
 -1499.328915898725	+273.129286463299	-120.912833290396	
 Time:  24.000000 ps  	 Step: 48000.000000

 +0.000000000000	
 +21.191601797642	-92.793969687440	-70.646373571628	
 +511.775925939171	+350.294169281561	-1218.685715497164	
 +350.294169281561	-323.710083688319	+618.317037393362	
 -1218.685715497163	+618.317037393361	-188.065842277787	
 Time:  25.000000 ps  	 Step: 50000.000000

 +0.000000000000	
 +33.594133142485	-115.067270943706	-112.418261752170	
 +30.191947562008	+363.811599895321	-1341.001708540862	
 +363.811599895321	+308.864049323747	+229.339902967086	
 -1341.001708540862	+229.339902967087	-339.055996779771	
 Time:  26.000000 ps  	 Step: 52000.000000

 +0.000000000000	
 +71.593190373695	-63.567190044737	-139.899453633580	
 +298.510716152639	-397.423161381848	-1886.318801285712	
 -397.423161381848	-281.159004434649	+976.036169770313	
 -1886.318801285713	+976.036169770313	-17.351711529403	
 Time:  27.000000 ps  	 Step: 54000.000000

 +0.000000000000	
 +110.902929367680	-64.408946765431	-91.967010013141	
 -98.531935232498	-239.781724101578	-1390.097743046480	
 -239.781724101577	-136.663100463198	+583.490148278557	
 -1390.097743046480	+583.490148278557	+235.195035976016	
 Time:  28.000000 ps  	 Step: 56000.000000

 +0.000000000000	
 +107.909673603315	-53.114453443077	-102.325376634828	
 +139.011785315975	+865.177266849646	-1032.941805906670	
 +865.177266849646	+446.259005550675	-94.724071261286	
 -1032.941805906669	-94.724071261286	-585.270790483669	
 Time:  29.000000 ps  	 Step: 58000.000000

 +0.000000000000	
 +104.095777124875	-22.044156439067	-126.923656022127	
 +117.563022762425	+258.483071209085	-792.114373506984	
 +258.483071209084	+303.669606973636	+165.485396560606	
 -792.114373506984	+165.485396560605	-421.232629113639	
 Time:  30.000000 ps  	 Step: 60000.000000

 +0.000000000000	
 +60.591087869278	-72.722567357825	-109.437169518599	
 +434.306900767928	+143.550248488720	-977.069015745417	
 +143.550248488720	+29.308784039423	-96.425427282752	
 -977.069015745417	-96.425427282753	-463.615684595906	
 Time:  31.000000 ps  	 Step: 62000.000000

 +0.000000000000	
 +81.784227307032	-52.384845119947	-121.995853201415	
 +81.130942715142	+466.508193882844	-731.636196514476	
 +466.508193882844	-298.660678598128	+843.142344068152	
 -731.636196514476	+843.142344068152	+217.529736554641	
 Time:  32.000000 ps  	 Step: 64000.000000

 +0.000000000000	
 +25.991068121283	-48.569643146132	-142.368662988462	
 -39.143681344739	-254.461574263024	-727.508910679055	
 -254.461574263024	-137.195944241558	+131.537215903328	
 -727.508910679056	+131.537215903328	+176.339625461931	
 Time:  33.000000 ps  	 Step: 66000.000000

 +0.000000000000	
 +48.296072933729	-38.892068195384	-161.770316388915	
 -106.629126642465	-410.971204385676	-879.173527406057	
 -410.971204385676	-106.626137783021	+1342.542898240709	
 -879.173527406056	+1342.542898240709	+213.255263978206	
 Time:  34.000000 ps  	 Step: 68000.000000

 +0.000000000000	
 +32.690843683330	-24.312997790792	-167.896391026730	
 -411.049007127216	-164.666293073921	-345.378106508794	
 -164.666293073921	+213.588826637719	+812.411702792941	
 -345.378106508794	+812.411702792942	+197.460180461957	
 Time:  35.000000 ps  	 Step: 70000.000000

 +0.000000000000	
 -17.661793379469	 -8.533930499141	-152.385198160673	
 +41.526749834803	+543.035681273123	+58.532231253031	
 +543.035681273123	+87.608084719366	+1087.309639182778	
 +58.532231253031	+1087.309639182777	-129.134834726417	
 Time:  36.000000 ps  	 Step: 72000.000000

 +0.000000000000	
 -13.363054310294	-28.644459263218	-143.745543038003	
 -109.837749137453	+830.909139074986	+502.878072958863	
 +830.909139074985	+208.905890316263	+565.077194102940	
 +502.878072958863	+565.077194102940	-99.068141549450	
 Time:  37.000000 ps  	 Step: 74000.000000

 +0.000000000000	
 -39.973266517970	-76.486622517286	-125.362633822122	
 -130.187327599689	+941.399637418951	-514.978554362840	
 +941.399637418951	+161.097932477590	+870.256190827447	
 -514.978554362840	+870.256190827446	-30.910605473019	
 Time:  38.000000 ps  	 Step: 76000.000000

 +0.000000000000	
 -27.172572350303	-107.865839829265	-135.815384514501	
 -135.530853268188	+470.576795943991	-220.675157996453	
 +470.576795943991	+128.385828435990	+618.100179851441	
 -220.675157996453	+618.100179851442	 +7.145025476306	
 Time:  39.000000 ps  	 Step: 78000.000000

 +0.000000000000	
 -86.531658770488	-72.137395106066	-141.721303995537	
 -196.162939202088	+1189.493854759892	-236.091214160889	
 +1189.493854759892	+266.307913879070	+880.829266501725	
 -236.091214160889	+880.829266501725	-70.144975218730	
 Time:  40.000000 ps  	 Step: 80000.000000

 +0.000000000000	
 -127.553310286048	-54.033501662802	-160.842224740449	
 +323.779388113854	+58.554496371526	-50.790962717074	
 +58.554496371526	-42.378464638446	+333.866951963486	
 -50.790962717074	+333.866951963486	-281.400924512386	
 Time:  41.000000 ps  	 Step: 82000.000000

 +0.000000000000	
 -142.834009265184	-67.317544924166	-111.476750422320	
 -30.139075858798	+613.561518459064	-458.637173853853	
 +613.561518459063	+194.481190434860	+712.011090493977	
 -458.637173853853	+712.011090493977	-164.342114623665	
 Time:  42.000000 ps  	 Step: 84000.000000

 +0.000000000000	
 -116.605653926879	-133.227516522788	-90.074051300507	
 -67.087392531826	+344.700007411200	-548.637025375511	
 +344.700007411200	+249.906449334024	+994.384879087955	
 -548.637025375511	+994.384879087955	-182.819057599844	
 Time:  43.000000 ps  	 Step: 86000.000000

 +0.000000000000	
 -99.396277531017	-153.842200071298	-127.009663476713	
 +280.094755359546	+376.661209767188	-153.063950857160	
 +376.661209767189	+245.562323546392	+759.155830279844	
 -153.063950857161	+759.155830279845	-525.657079179774	
 Time:  44.000000 ps  	 Step: 88000.000000

 +0.000000000000	
 -90.640606068640	-152.528047624643	-74.680613192050	
 -150.346239873877	-441.045163304578	-883.918465065599	
 -441.045163304579	+114.293102562214	+603.832628078303	
 -883.918465065599	+603.832628078303	+36.053137014022	
 Time:  45.000000 ps  	 Step: 90000.000000

 +0.000000000000	
 -58.221903126320	-100.968942347104	-139.722918079466	
 -89.710678768357	-13.550239893887	-1048.115380013438	
 -13.550239893887	+113.157262725262	+1142.027084530980	
 -1048.115380013438	+1142.027084530980	-23.446584380438	
 Time:  46.000000 ps  	 Step: 92000.000000

 +0.000000000000	
 -62.502281675358	-81.778403402818	-169.541619022672	
 -81.696054073284	+349.797149304956	-454.771871096346	
 +349.797149304956	+252.097873741429	+1504.069502068537	
 -454.771871096346	+1504.069502068536	-170.401819774573	
 Time:  47.000000 ps  	 Step: 94000.000000

 +0.000000000000	
 -39.166174252869	-80.634193620450	-177.745665166693	
 +45.884148838666	+782.995374388348	 +3.756461797559	
 +782.995374388348	-96.048078728031	+2038.193478687697	
  +3.756461797560	+2038.193478687697	+50.163929468921	
 Time:  48.000000 ps  	 Step: 96000.000000

 +0.000000000000	
 -19.271141983759	-118.907440483630	-157.719029009086	
 +578.332739446129	+179.902089158954	+744.299967948429	
 +179.902089158954	-594.012926486050	+1385.337353885941	
 +744.299967948429	+1385.337353885940	+15.680186404700	
 Time:  49.000000 ps  	 Step: 98000.000000

 +0.000000000000	
 -40.869184470526	-104.567647904538	-171.435184772187	
 +14.856441219752	+573.424246875432	-255.155043933749	
 +573.424246875432	+181.897223465566	+1381.779897461785	
 -255.155043933749	+1381.779897461785	-196.753663920681	
 Time:  50.000000 ps  	 Step: 100000.000000

 +0.000000000000	
 -52.461846864237	-56.144132099508	-177.177581679646	
 +192.805909913306	+819.035933079681	+192.919200654004	
 +819.035933079681	+326.369084583387	+1552.511795952569	
 +192.919200654004	+1552.511795952569	-519.174994289804	
 Time:  51.000000 ps  	 Step: 102000.000000

 +0.000000000000	
 -50.186005239038	-40.696566067255	-162.998551175388	
 +192.693301110580	+708.811072681319	+93.675522336537	
 +708.811072681319	+244.390839748644	+535.746385258750	
 +93.675522336536	+535.746385258751	-437.084141265669	
 Time:  52.000000 ps  	 Step: 104000.000000

 +0.000000000000	
 -45.530134988501	+16.800695400363	-151.651697801441	
 +47.329701778756	+479.621692168144	 +3.421491867949	
 +479.621692168145	-390.422501043471	+715.566799382736	
  +3.421491867949	+715.566799382736	+343.092799433352	
 Time:  53.000000 ps  	 Step: 106000.000000

 +0.000000000000	
  +8.368164844324	+10.264549527645	-169.846078939961	
 +24.246461559650	-428.341345335640	+585.430686924890	
 -428.341345335640	+129.977090855135	+246.223591472408	
 +585.430686924889	+246.223591472408	-154.223552877368	
 Time:  54.000000 ps  	 Step: 108000.000000

 +0.000000000000	
 +16.197114674540	 +6.013531996391	-125.927401072333	
 -349.451563144787	-1129.005389839557	+378.598051619613	
 -1129.005389839558	+282.509333384487	+440.658411815327	
 +378.598051619614	+440.658411815326	+66.942229211740	
 Time:  55.000000 ps  	 Step: 110000.000000

 +0.000000000000	
 +17.560220167425	-19.399145408410	-168.718875140361	
 -17.831219884112	-695.347406060433	+445.239802026486	
 -695.347406060434	+32.617770955031	+920.357710545430	
 +445.239802026486	+920.357710545430	-14.786550851717	
 Time:  56.000000 ps  	 Step: 112000.000000

 +0.000000000000	
  -4.946478411402	-54.699089498434	-156.658639249631	
 -444.882647159402	-789.106367203761	+488.795616297542	
 -789.106367203761	+299.049342571633	+447.841081633852	
 +488.795616297542	+447.841081633852	+145.833304267456	
 Time:  57.000000 ps  	 Step: 114000.000000

 +0.000000000000	
 -14.628798242990	-66.585570139352	-154.437159564430	
 -349.981030109921	-704.189330364786	+514.474763014253	
 -704.189330364787	+165.255077967198	+1067.354873003077	
 +514.474763014253	+1067.354873003076	+184.725952082400	
 Time:  58.000000 ps  	 Step: 116000.000000

 +0.000000000000	
  -9.657425716804	-91.010948783889	-101.644916377464	
 -318.498065681531	-365.804318923151	+430.636519049968	
 -365.804318923151	+68.212774978581	+521.086154516302	
 +430.636519049969	+521.086154516302	+250.285291070209	
 Time:  59.000000 ps  	 Step: 118000.000000

 +0.000000000000	
 -14.109109113697	-50.751431201628	-88.141291516698	
 -394.244294383856	-478.304897741672	+1073.294820290642	
 -478.304897741672	+430.608731708201	+854.630966797680	
 +1073.294820290642	+854.630966797680	-36.364437010261	
 Time:  60.000000 ps  	 Step: 120000.000000

 +0.000000000000	
  -4.183580494743	-20.024198449927	-93.612917424256	
 +26.233901428710	-747.533803169726	+1036.422677782094	
 -747.533803169725	+409.165436144030	+1379.702364378690	
 +1036.422677782094	+1379.702364378690	-435.399338277037	
 Time:  61.000000 ps  	 Step: 122000.000000

 +0.000000000000	
 -16.935397892707	-52.244684684616	-98.970027686362	
 -196.850510071440	-646.678501190354	+738.789608391418	
 -646.678501190354	+137.989397926196	+1785.707507283458	
 +738.789608391419	+1785.707507283457	+58.861112573144	
 Time:  62.000000 ps  	 Step: 124000.000000

 +0.000000000000	
 +21.439097529959	-34.021168525430	-70.773608982830	
 +133.941484015615	-647.163422871027	-358.124050695323	
 -647.163422871027	+52.537023763769	+1540.063446277621	
 -358.124050695322	+1540.063446277621	-186.478508083540	
 Time:  63.000000 ps  	 Step: 126000.000000

 +0.000000000000	
 +16.691454941617	-19.654343607452	-92.301808513208	
 +63.809782654494	-632.970989985153	+55.197158514903	
 -632.970989985153	-259.695765021237	+1755.532181002193	
 +55.197158514903	+1755.532181002193	+195.885981847234	
 Time:  64.000000 ps  	 Step: 128000.000000

 +0.000000000000	
 +24.696075056938	-31.576022778896	-109.509951790782	
 -303.404093319495	-626.370402818425	-859.275925023065	
 -626.370402818425	+121.754644272796	+868.740122818910	
 -859.275925023065	+868.740122818910	+181.649448951329	
 Time:  65.000000 ps  	 Step: 130000.000000

 +0.000000000000	
 +57.936977231711	-66.254235232194	-169.212145751704	
 -143.164248210403	-273.801209732940	-297.856946533107	
 -273.801209732940	-52.491697485229	+2608.035907934763	
 -297.856946533107	+2608.035907934763	+195.655945716003	
 Time:  66.000000 ps  	 Step: 132000.000000

 +0.000000000000	
 +34.362492207072	-90.271478069629	-186.151550773187	
 +270.424555997789	-387.881294071498	+210.734631112541	
 -387.881294071498	-149.473264722443	+1657.661321640966	
 +210.734631112541	+1657.661321640966	-120.951291424885	
 Time:  67.000000 ps  	 Step: 134000.000000

 +0.000000000000	
 +34.795959218700	-89.384463543449	-78.921867502939	
 -507.380849736141	-773.928579915777	-27.877476944992	
 -773.928579915777	+561.743535408252	+2223.875702766102	
 -27.877476944992	+2223.875702766102	-54.362685629257	
 Time:  68.000000 ps  	 Step: 136000.000000

 +0.000000000000	
 +22.641341557596	-112.803628507506	-64.191119216513	
 +137.973264209741	-99.415445641748	+48.289343354817	
 -99.415445641748	+529.393500554465	+1598.117264554220	
 +48.289343354816	+1598.117264554221	-667.366764490520	
 Time:  69.000000 ps  	 Step: 138000.000000

 +0.000000000000	
  +8.392056974828	-85.625362833005	-81.806181968375	
 -296.759168662593	-470.030575231630	-1350.888491650648	
 -470.030575231630	+356.228271252467	+1789.463760394907	
 -1350.888491650648	+1789.463760394908	-59.469102934050	
 Time:  70.000000 ps  	 Step: 140000.000000

 +0.000000000000	
  +6.735477250361	-153.902940334528	-115.090450010324	
 -15.063977807532	-224.821350515302	-1389.899999232787	
 -224.821350515302	+413.267353023141	+1853.486715453143	
 -1389.899999232787	+1853.486715453144	-398.203375106943	
 Time:  71.000000 ps  	 Step: 142000.000000

 +0.000000000000	
  +9.593240117973	-179.691449892012	-104.110078701313	
 +125.046350064651	-133.369325667728	-346.921414251482	
 -133.369325667728	-13.634733710367	+1364.030417524334	
 -346.921414251482	+1364.030417524333	-111.411616496256	
 Time:  72.000000 ps  	 Step: 144000.000000

 +0.000000000000	
 +24.454615528205	-152.414821750279	-64.671235087748	
 +154.295873011737	+494.658442440333	+55.042689679760	
 +494.658442440332	-153.794597669692	+251.078129538242	
 +55.042689679759	+251.078129538242	 -0.501275163623	
 Time:  73.000000 ps  	 Step: 146000.000000

 +0.000000000000	
 +12.710757796962	-152.950657007808	-101.447400450858	
 +43.219017959162	-347.718916865339	-505.434675173513	
 -347.718916865339	-45.674013158752	+811.865261925497	
 -505.434675173513	+811.865261925497	 +2.454995658241	
 Time:  74.000000 ps  	 Step: 148000.000000

 +0.000000000000	
  +5.560157123304	-125.685391867511	-56.732475683801	
 +154.086990753668	+201.333506519231	-583.254998096594	
 +201.333506519231	+56.712205335148	+1241.121833091722	
 -583.254998096593	+1241.121833091722	-210.799196537678	
 Time:  75.000000 ps  	 Step: 150000.000000

 +0.000000000000	
 +30.255445289994	-131.950763396748	-97.500765724126	
 +82.723729153275	-1424.988545240609	-765.426610826188	
 -1424.988545240610	+137.920052370613	+1057.434603853573	
 -765.426610826188	+1057.434603853573	-220.643781866692	
 Time:  76.000000 ps  	 Step: 152000.000000

 +0.000000000000	
 +39.826637529522	-142.656824713890	-85.931528538888	
 +340.159976867441	-1235.113067837771	-605.111778044317	
 -1235.113067837772	 -9.929328924008	+819.356909733255	
 -605.111778044317	+819.356909733255	-330.230647662675	
 Time:  77.000000 ps  	 Step: 154000.000000

 +0.000000000000	
 +33.198658220945	-119.466914062455	-105.695919106622	
 -151.110624804796	-990.768607518997	+84.639080308754	
 -990.768607518997	+264.273790054499	+743.708932582268	
 +84.639080308754	+743.708932582268	-113.163165652403	
 Time:  78.000000 ps  	 Step: 156000.000000

 +0.000000000000	
  -2.675739784655	-124.982975643292	-88.115370278677	
 +142.834571247740	-264.719939697874	+232.025610760387	
 -264.719939697874	+339.099208112154	+568.765270600810	
 +232.025610760387	+568.765270600810	-481.933779405907	
 Time:  79.000000 ps  	 Step: 158000.000000

 +0.000000000000	
 +66.349645029676	-168.731771015499	-73.870826363581	
 -162.184333945485	-1066.054747578041	+703.081251294010	
 -1066.054747578041	+277.472484338196	+233.759454755009	
 +703.081251294010	+233.759454755010	-115.288150434568	
 Time:  80.000000 ps  	 Step: 160000.000000

 +0.000000000000	
 +26.368209981299	-140.441691335749	-55.106153915906	
 -122.385714224157	-907.792672624566	+202.866025662056	
 -907.792672624566	+327.926052160839	+107.081868954701	
 +202.866025662056	+107.081868954701	-205.540337292548	
 Time:  81.000000 ps  	 Step: 162000.000000

 +0.000000000000	
 +46.435118080506	-123.964133803699	-52.800111308301	
 +24.726715328223	-733.526080563613	+252.601546231662	
 -733.526080563613	+503.782473948017	+692.191718027662	
 +252.601546231662	+692.191718027662	-528.509188955456	
 Time:  82.000000 ps  	 Step: 164000.000000

 +0.000000000000	
 +83.565250924685	-128.394347505351	-39.760152727031	
 -217.241618410499	-1243.145520731651	-189.260700892616	
 -1243.145520731650	+278.962573625179	+957.577539176627	
 -189.260700892616	+957.577539176627	-61.720954815072	
 Time:  83.000000 ps  	 Step: 166000.000000

 +0.000000000000	
 +101.662784255458	-148.557618052128	-80.373690324845	
 -184.298263168064	-1432.106751632919	-611.235083034656	
 -1432.106751632919	+540.912055824114	+557.388546522775	
 -611.235083034657	+557.388546522775	-356.613792479875	
 Time:  84.000000 ps  	 Step: 168000.000000

 +0.000000000000	
 +102.286201331064	-82.269098701053	-76.616104540465	
 -37.357372309608	-463.457700896864	-658.274197785182	
 -463.457700896864	-42.530102157873	-49.651557291720	
 -658.274197785182	-49.651557291720	+79.887475132598	
 Time:  85.000000 ps  	 Step: 170000.000000

 +0.000000000000	
 +110.961889839871	-108.473429433770	-60.816798748169	
 -78.015636987228	-298.035155408956	-712.945792229396	
 -298.035155408956	+59.986584795483	+263.843915492428	
 -712.945792229396	+263.843915492427	+18.029052183138	
 Time:  86.000000 ps  	 Step: 172000.000000

 +0.000000000000	
 +118.507338814024	-156.238033550113	-113.133598781069	
 -66.771657229494	-656.773401775123	-1479.699530420864	
 -656.773401775123	-40.868881945594	-466.457194562751	
 -1479.699530420864	-466.457194562750	+107.640539034232	
 Time:  87.000000 ps  	 Step: 174000.000000

 +0.000000000000	
 +100.474361398888	-103.438851518602	-108.058458338312	
 -156.041945708436	-373.324088611819	-1688.735738173504	
 -373.324088611819	+31.269865809913	+334.035994497821	
 -1688.735738173504	+334.035994497821	+124.772079880790	
 Time:  88.000000 ps  	 Step: 176000.000000

 +0.000000000000	
 +126.771225775090	-164.860003311652	-70.537332460137	
 -584.028442816011	-149.620029153722	-1731.968701394022	
 -149.620029153721	+143.730796472014	-601.662257391264	
 -1731.968701394020	-601.662257391263	+440.297646504662	
 Time:  89.000000 ps  	 Step: 178000.000000

 +0.000000000000	
 +116.847696948434	-180.809264485541	-92.224939227458	
 -596.816509405949	-429.368596423219	-1799.033577053953	
 -429.368596423218	+64.282920651715	-121.276932089019	
 -1799.033577053953	-121.276932089019	+532.533587985584	
 Time:  90.000000 ps  	 Step: 180000.000000

 +0.000000000000	
 +71.453219440474	-182.797366570806	-110.040398848116	
 -177.333311343302	-66.222827892664	-680.024379609071	
 -66.222827892665	+252.223424691210	+124.753050645123	
 -680.024379609071	+124.753050645123	-74.890113193408	
 Time:  91.000000 ps  	 Step: 182000.000000

 +0.000000000000	
 +87.664933081666	-192.637294735804	-55.171296988807	
 +96.255860310002	-765.457493502505	-1329.889832501335	
 -765.457493502505	+74.438953059381	 -4.970078858944	
 -1329.889832501334	 -4.970078858944	-170.694812956526	
 Time:  92.000000 ps  	 Step: 184000.000000

 +0.000000000000	
 +42.489035738777	-161.006198576192	-49.868664959840	
 -85.702676785185	-479.114410163606	-724.905655398459	
 -479.114410163606	-209.060467921210	-218.901789946827	
 -724.905655398459	-218.901789946827	+294.763145141585	
 Time:  93.000000 ps  	 Step: 186000.000000

 +0.000000000000	
 +42.865955681272	-136.121177252162	-105.784147972201	
 -278.930204289338	-1552.987259911192	-616.498574196538	
 -1552.987259911193	+172.457400909972	+258.112520880015	
 -616.498574196539	+258.112520880015	+106.472803455822	
 Time:  94.000000 ps  	 Step: 188000.000000

 +0.000000000000	
 +21.973464425974	-204.121230678970	-113.697387343246	
 +114.044810739568	-1388.152743473725	+339.989819602009	
 -1388.152743473725	-163.495213233960	+62.747228104508	
 +339.989819602009	+62.747228104508	+49.450402797603	
 Time:  95.000000 ps  	 Step: 190000.000000

 +0.000000000000	
 +25.365309532145	-213.890165011771	-97.242297784488	
 -174.375576480066	-1310.840869026935	+204.663149322626	
 -1310.840869026935	+17.995571783394	+518.933500850883	
 +204.663149322626	+518.933500850883	+156.380005098400	
 Time:  96.000000 ps  	 Step: 192000.000000

 +0.000000000000	
 -10.953986970817	-190.661559980603	-53.899693230261	
 -475.053497686572	-1287.564218091394	-745.526676992283	
 -1287.564218091394	+210.017809341860	+691.745186513325	
 -745.526676992283	+691.745186513324	+265.035687938596	
 Time:  97.000000 ps  	 Step: 194000.000000

 +0.000000000000	
 +14.678483904482	-216.079225854811	-20.489598674406	
 -399.639929533735	-764.132753053766	-304.481333585393	
 -764.132753053766	-110.644946079788	+304.278767662221	
 -304.481333585394	+304.278767662221	+510.284875321325	
 Time:  98.000000 ps  	 Step: 196000.000000

 +0.000000000000	
 +22.687141091088	-227.408758782495	-52.490675817662	
 -272.751782651813	-707.976433671292	+190.664944930740	
 -707.976433671291	+48.153341553895	+482.058739044404	
 +190.664944930740	+482.058739044404	+224.598440848313	
 Time:  99.000000 ps  	 Step: 198000.000000

 +0.000000000000	
 +36.377188725256	-224.928128923346	 -3.100026674197	
 -32.138403852198	-1757.599149965799	+1159.902697396978	
 -1757.599149965799	 -4.251636259782	+268.627402402663	
 +1159.902697396977	+268.627402402663	+36.390040598562	
 Time:  100.000000 ps  	 Step: 200000.000000

 +0.000000000000	
 +53.812415303396	-251.598476168596	-11.872420800007	
 +236.339372434264	-1706.558758212240	+984.873665999199	
 -1706.558758212240	-51.088791525555	-191.084099843073	
 +984.873665999199	-191.084099843072	-185.250580742383	
 